# blastn
# Iteration: 0
# Query: XcGTX0491_4:1739500-1839000/rc
# RID: F1FH1BW7114
# Database: n/a
# Fields: query acc.ver, subject acc.ver, % identity, alignment length, mismatches, gap opens, q. start, q. end, s. start, s. end, evalue, bit score
# 43 hits found
XcGTX0491_4:1739500-1839000/rc	OZ2100_30:419500-480500	79.865	5473	1026	26	24136	29555	19531	14082	0.0	4854
XcGTX0491_4:1739500-1839000/rc	OZ2100_30:419500-480500	77.578	5499	1147	29	75126	80573	14081	19544	0.0	4305
XcGTX0491_4:1739500-1839000/rc	OZ2100_30:419500-480500	75.742	775	133	13	84910	85651	9126	9878	3.43e-154	542
XcGTX0491_4:1739500-1839000/rc	OZ2100_30:419500-480500	75.714	770	118	16	33192	33913	9129	9877	1.46e-152	536
XcGTX0491_4:1739500-1839000/rc	OZ2100_30:419500-480500	75.733	750	100	17	33195	33928	30760	31443	2.16e-150	530
XcGTX0491_4:1739500-1839000/rc	OZ2100_30:419500-480500	85.440	364	53	0	29169	29532	2067	1704	9.84e-117	418
XcGTX0491_4:1739500-1839000/rc	OZ2100_30:419500-480500	83.896	385	62	0	75129	75513	1683	2067	3.44e-116	416
XcGTX0491_4:1739500-1839000/rc	OZ2100_30:419500-480500	69.920	748	136	15	84915	85650	30760	31430	1.46e-95	348
XcGTX0491_4:1739500-1839000/rc	OZ2100_30:419500-480500	84.579	214	31	1	80357	80570	666	877	6.65e-62	235
XcGTX0491_4:1739500-1839000/rc	OZ2100_30:419500-480500	85.507	207	22	3	24136	24341	867	668	8.10e-61	233
XcGTX0491_4:1739500-1839000/rc	OZ2100_30:419500-480500	87.831	189	20	2	30345	30531	19531	19344	8.10e-61	232
XcGTX0491_4:1739500-1839000/rc	OZ2100_30:419500-480500	85.366	205	22	3	30345	30548	867	670	9.87e-60	229
XcGTX0491_4:1739500-1839000/rc	OZ2100_30:419500-480500	87.302	189	21	2	30345	30531	13239	13052	3.44e-59	227
XcGTX0491_4:1739500-1839000/rc	OZ2100_30:419500-480500	68.878	588	175	5	91605	92188	45328	44745	1.46e-57	221
XcGTX0491_4:1739500-1839000/rc	OZ2100_30:419500-480500	83.663	202	31	1	74139	74340	676	875	2.17e-55	214
XcGTX0491_4:1739500-1839000/rc	OZ2100_30:419500-480500	85.106	188	27	1	24136	24322	13239	13052	2.65e-54	210
XcGTX0491_4:1739500-1839000/rc	OZ2100_30:419500-480500	66.321	772	227	14	92462	93221	35523	34773	3.02e-47	187
XcGTX0491_4:1739500-1839000/rc	OZ2100_30:419500-480500	82.292	192	32	2	74155	74345	19354	19544	3.02e-47	187
XcGTX0491_4:1739500-1839000/rc	OZ2100_30:419500-480500	83.799	179	27	2	80383	80560	13062	13239	1.05e-46	186
XcGTX0491_4:1739500-1839000/rc	OZ2100_30:419500-480500	80.296	203	36	4	74146	74345	13053	13254	6.66e-43	172
XcGTX0491_4:1739500-1839000/rc	OZ2100_30:419500-480500	72.887	284	74	3	92196	92477	41621	41339	1.79e-37	155
XcGTX0491_4:1739500-1839000/rc	OZ2100_30:419500-480500	76.331	169	36	4	10452	10618	9645	9479	1.91e-24	111
XcGTX0491_4:1739500-1839000/rc	OZ2100_30:419500-480500	70.260	269	72	7	44907	45171	41340	41604	3.45e-21	101
XcGTX0491_4:1739500-1839000/rc	OZ2100_30:419500-480500	74.545	165	27	6	10447	10599	31213	31052	1.47e-19	96.0
XcGTX0491_4:1739500-1839000/rc	OZ2100_30:419500-480500	64.141	739	215	23	67095	67809	35523	34811	3.23e-15	80.6
XcGTX0491_4:1739500-1839000/rc	OZ2100_30:419500-480500	77.064	109	22	2	4218	4324	9629	9522	1.13e-14	78.8
XcGTX0491_4:1739500-1839000/rc	OZ2100_30:419500-480500	74.775	111	26	1	4196	4304	31214	31104	1.67e-12	72.5
XcGTX0491_4:1739500-1839000/rc	OZ2100_30:419500-480500	65.966	238	73	5	94003	94236	34033	33800	5.47e-06	50.0
XcGTX0491_4:1739500-1839000/rc	OZ2100_30:419500-480500	89.474	38	3	1	33837	33874	9827	9791	1.91e-05	48.2
XcGTX0491_4:1739500-1839000/rc	OZ2100_30:419500-480500	68.571	140	42	2	44785	44922	35384	35523	1.91e-05	48.2
XcGTX0491_4:1739500-1839000/rc	OZ2100_30:419500-480500	77.778	54	12	0	82672	82725	30359	30306	2.33e-04	44.6
XcGTX0491_4:1739500-1839000/rc	OZ2100_30:419500-480500	72.093	86	18	2	68428	68510	34228	34146	2.33e-04	44.6
XcGTX0491_4:1739500-1839000/rc	OZ2100_30:419500-480500	67.284	162	45	4	92485	92642	16581	16738	8.12e-04	43.7
XcGTX0491_4:1739500-1839000/rc	OZ2100_30:419500-480500	71.795	78	22	0	92412	92489	26668	26591	8.12e-04	42.8
XcGTX0491_4:1739500-1839000/rc	OZ2100_30:419500-480500	82.500	40	7	0	33193	33232	9880	9841	0.003	41.9
XcGTX0491_4:1739500-1839000/rc	OZ2100_30:419500-480500	80.952	42	8	0	84989	85030	9724	9683	0.003	41.0
XcGTX0491_4:1739500-1839000/rc	OZ2100_30:419500-480500	82.051	39	7	0	33250	33288	9687	9725	0.010	40.1
XcGTX0491_4:1739500-1839000/rc	OZ2100_30:419500-480500	87.097	31	4	0	33883	33913	9163	9133	0.010	39.2
XcGTX0491_4:1739500-1839000/rc	OZ2100_30:419500-480500	77.083	48	11	0	84916	84963	9877	9830	0.035	38.3
XcGTX0491_4:1739500-1839000/rc	OZ2100_30:419500-480500	69.880	83	25	0	43549	43631	34146	34228	0.035	38.3
XcGTX0491_4:1739500-1839000/rc	OZ2100_30:419500-480500	95.652	23	1	0	15647	15669	42638	42660	0.035	38.3
XcGTX0491_4:1739500-1839000/rc	OZ2100_30:419500-480500	96.000	25	0	1	89672	89696	46400	46377	0.035	38.3
XcGTX0491_4:1739500-1839000/rc	OZ2100_30:419500-480500	86.667	30	4	0	92072	92101	45149	45120	0.035	37.4


